ID      f0        g1         f0_esc        AL_ESC       alpha_h      M_TURN       min_mhalo    clumping     R_max
1    0.0519326    0.506078    0.0498115    -0.0490665    0.616792    8.12962      1.e10        1.02        50.
2    0.0647545    0.531142    0.0674248    0.270531    0.330948    8.56938      1.e10        1.02        50.
3    0.0601658    0.492963    0.0861886    0.200954    0.528319    8.83376      1.e10        1.02        50.
4    0.0733483    0.529467    0.0608709    0.0528521    0.521174    8.87268      1.e10        1.02        50.
5    0.0713198    0.492523    0.0324048    -0.752792    0.945583    8.80842      1.e10        1.02        50.
8    0.0880015    0.391960    0.147376    -0.218883    0.363932    8.57084      1.e10        1.02        50.
9    0.0410327    0.440176    0.0777768    0.0406475    0.399355    8.73210      1.e10        1.02        50.
10    0.0669931    0.397589    0.0974922    -0.0777296    0.700111    8.08651      1.e10        1.02        50.
11    0.0717414    0.588216    0.176606    0.210773    0.713069    9.22983      1.e10        1.02        50.
12    0.0606834    0.470195    0.0708451    0.0239456    0.707941    8.45164      1.e10        1.02        50.
15    0.0716506    0.479156    0.0749825    0.0242363    0.327979    8.39482      1.e10        1.02        50.
16    0.148875    0.506286    0.116075    -0.728237    0.845490    8.59145      1.e10        1.02        50.
17    0.175988    0.429610    0.111126    -0.138221    0.654681    8.33232      1.e10        1.02        50.
18    0.0447878    0.448503    0.201717    -0.336637    0.621713    8.63626      1.e10        1.02        50.
20    0.160352    0.602047    0.0963474    0.0612810    0.547008    8.62556      1.e10        1.02        50.
21    0.121277    0.472110    0.0890902    0.217151    0.327191    8.73261      1.e10        1.02        50.
22    0.0760536    0.434874    0.0437643    0.311604    0.368010    8.45859      1.e10        1.02        50.
23    0.0282332    0.539706    0.182086    0.0878789    0.466171    8.81591      1.e10        1.02        50.
24    0.0443731    0.439726    0.0766549    -0.555889    0.417548    8.46294      1.e10        1.02        50.
25    0.0431499    0.452909    0.0978566    0.273931    0.465989    8.83671      1.e10        1.02        50.
26    0.0689874    0.536288    0.0831783    -0.0444561    0.487737    8.24667      1.e10        1.02        50.
27    0.0640870    0.491508    0.0334973    0.0905535    0.434162    8.76436      1.e10        1.02        50.
29    0.0633184    0.564932    0.0453210    0.0957348    0.680160    8.39443      1.e10        1.02        50.
30    0.0974900    0.520779    0.232869    -0.100315    0.686175    8.62797      1.e10        1.02        50.
31    0.0595717    0.502931    0.0407540    -0.208170    0.967324    8.95927      1.e10        1.02        50.
32    0.0764240    0.519738    0.0681789    0.132020    0.225798    8.24397      1.e10        1.02        50.
33    0.0754762    0.607645    0.0754032    0.168536    0.265415    8.45306      1.e10        1.02        50.
34    0.0586665    0.428216    0.125626    -0.0948614    0.274789    8.84057      1.e10        1.02        50.
36    0.0536883    0.404382    0.0595265    -0.0172535    0.652647    8.77233      1.e10        1.02        50.
38    0.0517071    0.422435    0.0760729    0.137521    0.628923    8.28142      1.e10        1.02        50.
39    0.0839866    0.536039    0.107200    0.114421    0.767603    8.95996      1.e10        1.02        50.
40    0.0459875    0.619775    0.0410280    -0.338618    0.364144    8.53461      1.e10        1.02        50.
41    0.0648933    0.519142    0.127521    0.300064    0.295295    8.53124      1.e10        1.02        50.
42    0.0908803    0.430529    0.0451565    0.00587913    0.852110    8.16618      1.e10        1.02        50.
43    0.0522432    0.491246    0.164762    0.332700    0.414297    8.46184      1.e10        1.02        50.
44    0.0630115    0.505905    0.0364855    0.143831    0.537782    8.51139      1.e10        1.02        50.
46    0.0551214    0.446466    0.0882897    -0.217976    0.718752    8.75974      1.e10        1.02        50.
48    0.0821694    0.485055    0.0342689    0.280496    0.393212    8.51587      1.e10        1.02        50.
49    0.164132    0.497459    0.0718853    -0.0879601    0.749934    8.66352      1.e10        1.02        50.
51    0.0563755    0.534941    0.113146    -0.300057    0.414972    8.47995      1.e10        1.02        50.
52    0.141479    0.560969    0.107154    0.0166086    0.635164    8.70695      1.e10        1.02        50.
54    0.0337621    0.550998    0.0419237    -0.390917    0.912498    8.62145      1.e10        1.02        50.
55    0.0435853    0.458060    0.0553605    0.282481    0.269890    8.46939      1.e10        1.02        50.
57    0.0450879    0.440350    0.128652    0.214438    0.711226    8.97740      1.e10        1.02        50.
58    0.0552230    0.571169    0.0676161    -0.104984    0.983944    8.52455      1.e10        1.02        50.
59    0.0339758    0.570895    0.0519601    0.189807    0.776492    8.37736      1.e10        1.02        50.
60    0.0763027    0.434510    0.0204019    0.277180    0.492619    8.71669      1.e10        1.02        50.
61    0.0786357    0.477894    0.189931    -0.101880    0.635322    8.97518      1.e10        1.02        50.
62    0.0584480    0.437274    0.0666469    0.0661879    0.383721    8.23298      1.e10        1.02        50.
63    0.0440606    0.460576    0.0887463    -0.0798183    0.638169    8.15131      1.e10        1.02        50.
64    0.0506606    0.529458    0.0106211    0.230555    0.292456    9.43742      1.e10        1.02        50.
67    0.0651058    0.544327    0.143822    0.0490429    0.497527    8.83926      1.e10        1.02        50.
68    0.0662445    0.397821    0.0249574    -0.0988178    0.721304    8.84598      1.e10        1.02        50.
70    0.0644169    0.539660    0.0719118    -0.394806    0.807828    8.08151      1.e10        1.02        50.
71    0.0734683    0.493598    0.256257    -0.112535    0.274468    8.44244      1.e10        1.02        50.
72    0.0421095    0.474432    0.0642880    0.217863    0.330636    8.18240      1.e10        1.02        50.
73    0.0565770    0.463612    0.0463138    0.275615    0.393976    8.27750      1.e10        1.02        50.
74    0.0526878    0.440205    0.0712016    -0.0838755    0.491493    8.91806      1.e10        1.02        50.
77    0.0906776    0.549005    0.0417763    0.315741    0.713470    8.56429      1.e10        1.02        50.
78    0.0476343    0.552215    0.115451    0.0321359    0.530227    8.34339      1.e10        1.02        50.
79    0.0644303    0.451236    0.0925529    -0.152473    0.208996    8.86969      1.e10        1.02        50.
80    0.0825562    0.370555    0.0551480    0.0961664    0.521041    9.01421      1.e10        1.02        50.
81    0.0370459    0.558047    0.0962742    -0.380931    0.329739    8.33358      1.e10        1.02        50.
82    0.103796    0.557715    0.156849    0.236120    0.371829    8.12220      1.e10        1.02        50.
83    0.0646071    0.406889    0.0144924    -0.0238019    0.379544    8.13063      1.e10        1.02        50.
84    0.0640486    0.614379    0.102426    0.0761710    0.506326    8.97629      1.e10        1.02        50.
87    0.0906463    0.439029    0.0870683    0.372806    0.504694    8.22701      1.e10        1.02        50.
88    0.0820635    0.469372    0.224732    -0.239605    0.339628    8.58603      1.e10        1.02        50.
89    0.0634629    0.524698    0.0867022    -0.105664    0.402657    8.77677      1.e10        1.02        50.
91    0.0570309    0.585112    0.103577    -0.0207483    0.305620    8.15175      1.e10        1.02        50.
92    0.0359882    0.477132    0.0662872    0.0101519    0.859031    8.97112      1.e10        1.02        50.
95    0.0864709    0.531197    0.0179974    0.0355617    0.484557    8.48579      1.e10        1.02        50.
96    0.0626816    0.458214    0.0621470    0.0340240    0.853852    8.25148      1.e10        1.02        50.
98    0.0827866    0.456615    0.0455512    0.259958    0.642194    8.25788      1.e10        1.02        50.
99    0.0755405    0.501315    0.0942172    -0.429307    0.288980    8.56475      1.e10        1.02        50.
100    0.0549528    0.501423    0.0409638    0.238927    0.557880    8.15511      1.e10        1.02        50.
